PC1,PC2,PC3,PC4,PC5,PC6,PC7,target
0.9706395048781141,-0.3310331223014963,-3.3550437098435446,1.2193879242367722,0.27220400411452955,0.583882716774513,0.2934726426999975,0
3.1962067735177526,-1.6937234225445341,0.27873713937757333,-0.7706398796398457,-0.14294087920675916,0.4337011995304712,-0.8981840933155555,1
3.2818621161789108,0.4736118231858553,0.3338779669661185,-0.6213918889667076,-0.17230604510532968,1.1963429097128535,0.12324782667288987,1
-0.3941517952017451,1.4140277234993217,-1.5789089800424252,2.174680011072795,1.0068461328790959,-0.5877411474972984,2.3001130612796623,0
-2.248192020737814,-0.382089994277494,-0.613891860364468,0.9479215499104988,0.9145585039775723,0.7070189486031409,-0.11400918172765281,0
-2.181143910550307,0.34594886096304955,-0.557348142639447,-0.3066384340174795,-0.6530779321652548,-0.08082485583731393,0.5032946613711714,0
2.098699917416803,-1.9764212994725057,-0.5162045903653751,1.7485362512148872,0.17118630054527964,1.087579060949195,1.5750835474402614,1
-0.6497188702919563,-1.2567107405348619,2.6316428749511522,0.1794054572537313,0.7402962033253944,-1.704777147789558,0.6625776859806375,0
1.469014759725805,-0.08169348757629355,-0.4343093717759057,-0.7330738543984034,0.17355533972280088,0.7709207903182823,0.20492395319202514,1
2.5602185034576874,1.4743844319220527,-1.201497243046878,1.3144347760882236,1.5570502832734598,-0.13750782462722738,-0.33586533232843085,1
0.03975726473865298,1.1013851767887515,-0.42683381021888644,0.1919477483874343,-0.9194466173977224,-0.6031703355118747,-0.8524224691439137,0
-0.6416440956237294,-2.04686864476184,-0.7781135362673915,1.3520810490551596,0.8736422896510118,0.21085673271262861,0.3328303711976939,0
1.2928031197682348,0.3339264051194087,-0.05325528320523955,-0.589472394371932,0.9095584802124363,0.34081009359205655,-0.3944119337649693,1
-1.9952144887033534,1.229178672260852,-0.5215348860728853,-1.0752779814627738,0.051511995852350514,-0.9198472188233979,0.9125679719499015,0
-0.7296332539169834,0.5216139848864867,-1.6577712687087947,-0.9839221041541464,-0.7340712248644109,-1.8947724899757543,-1.3262380102136035,0
-1.3426380556830169,0.4578037499899048,-1.2463984435273445,0.005099291333902777,-1.0793127540573877,-0.5516907082362781,-0.9413810467773259,0
-0.4344155979147845,1.909865908281316,-1.3695838005799188,1.1461545078813562,-0.09557173566533007,-0.05160795351252778,1.6245097157104755,1
-0.9913205515408001,0.22975776762865635,0.15994406811322082,-0.26661641495493615,-0.43883119963657946,-0.7592130587740279,-0.3334537399283789,0
-1.745077100742875,-0.8031851506559471,1.1330846060208837,0.7302748174302086,-0.41405394480344904,-0.7650549106544726,0.023160043346201167,0
-2.201346586206463,0.165298097496498,-0.5752012184618492,-0.38737359597608,-0.15918910108703194,-0.6297827080937712,0.567457286381147,0
0.17402558563132098,0.3827502804287568,-1.0141072094504286,0.9806031361605632,0.3537926567992967,1.5570775273229656,-0.3442539880251861,0
-1.6466605924788973,-2.5210767726117584,-1.3285247975526453,0.35238378498967415,0.49829816856114395,-0.100205478019057,-0.22639827061853302,0
-0.4804807521295206,-0.5529188795430467,-1.1348281892461587,0.4890369845215274,0.9125652583477696,1.0645409913998214,0.9064007239926839,1
0.9535557509277701,0.048679729604221705,-1.341320909241329,-1.5810525277787297,-0.1738911987978232,0.9909108438303892,1.0993211287940865,1
2.9849706548528427,0.8017868630332732,0.0007003554612809874,-0.5625279798725831,0.02012766908968515,0.9466547085097327,-0.25570902012577007,1
-1.1355430473971857,0.05819402338146602,0.29094987404293016,2.0890259703695446,-0.5384777316738838,-0.04918613628872561,0.6570622107859607,0
-2.043569363410576,-1.7172682197362081,1.4003626968884182,0.04825030147044896,-0.05625051079078033,-1.0139188817475144,1.1100869905789075,0
0.7560792116596046,-1.4446251783859434,-2.0068508346076244,3.374864159375678,-1.7227028350029163,-0.24055304842037714,0.05920751820475179,0
-1.3127841915158895,0.46955801646504847,-0.20738361148845832,-0.22193264867770943,0.2810877687172818,-1.3224469339098255,-0.02742135670567734,0
1.5466684206585704,2.923768114261456,0.5529376340313321,0.9346663820765727,1.2219596201464589,1.0121017889068826,-0.9006992359123925,1
-0.5788444260952047,-2.1918625778245606,-0.8640417533075991,0.09014004872844061,-2.5299922040603047,0.2010101454848371,0.7339232658969732,0
1.1921661924071785,1.1860607997766148,1.1543265643531524,-1.709198789031438,-0.9966175912153261,-0.3457289133798742,0.5239896865561815,1
-1.191130057343205,-1.3477492083122433,0.218555459917116,-1.032304409184636,-0.3569737819355625,-1.2205129625229152,0.2191493834822242,1
0.12603607023803456,0.8592001127606782,-0.34166942882169976,-0.2271844989608129,-0.5550061361753723,-0.9389949000291227,-0.07191944282102654,0
-1.6095455037757562,1.2249778981667658,0.49903752259956013,-0.3640388808868673,0.6213145978529592,-1.1626392647102202,-0.3532857777013229,0
-2.1415454618761802,0.8612644530553617,0.2616558074372439,-0.532729831066185,0.18359662057505996,-0.9417222307084708,-0.393866774949777,0
1.8294683619406464,2.488107375869619,0.13561453928354394,0.8908855166407158,1.2477560892501118,0.6385184211246386,-0.8645640612274845,1
2.3725007227458343,-0.21665724500572445,0.32595018891334915,-0.597077995908004,0.8478936442005894,-0.2652223121593317,-1.2382972351121244,1
2.041306646980659,0.22971678643127288,1.0862489713209356,-0.6966657441643446,0.46155458975230057,-1.7467786368504137,1.0804645393109655,1
0.6511355681099006,0.06690987326762306,-0.2475464433573427,0.6847354254958716,-0.3395479947314347,-1.225990438418794,-1.1144529500519904,0
2.3841769754498725,-1.6468286654429132,0.08417228921311617,-0.2188995582849779,-1.2136998896706381,0.9265569143704605,-0.5747049595691449,1
-1.219933701930605,1.9618116594821653,-1.6673210870046262,-0.4404186236877016,0.336658525409332,-1.652580056447588,-0.050237606138281016,0
-0.60402158628775,-3.2940148459609495,-0.35963817723915265,-0.8286368073643333,-1.9163330358454667,-0.9738419892916478,0.3800571920770935,0
-0.8985114122176532,-0.05614399688585968,-0.9152652088462753,-0.06293084463574825,-1.0158641593217013,-0.7175586838721565,-0.725297633509216,0
-1.2240480572267938,-2.3999091918096234,1.3678544756866187,-0.3178462208259043,1.1132372231196428,-0.06160277366933222,-0.004439267220421182,1
0.8804911877025725,0.7145504449390011,-1.0085121184376198,-0.2737444230933124,0.3023225789907173,1.3826586122130726,1.256076330090125,1
-1.3624274108983807,1.5202202862208551,0.6162938970466033,0.4002056507308345,-1.3610199732780064,0.877102276631012,-0.7141119816405779,0
1.6298386621607948,0.4610130492844514,-1.179115880000407,0.33311196667451565,0.9547931100345252,-0.125387457686633,-0.37336939252947554,1
-0.3718150660456862,-3.4560965330424795,0.6677631731560275,-0.677955767304608,0.6318037707324785,-0.09542535483495947,0.7694068360280744,0
0.08298338087921199,0.5339679397220413,-1.3622492602815686,1.596355322894898,0.6843692733774898,1.3991900515931412,-0.3125424613687331,0
-2.867319868083647,0.502094766828598,0.8204817861205134,0.5600397009377983,-0.9205198058494791,0.6639925080212202,0.8215813753411602,0
-0.17732002188106963,1.319057238540443,0.41855279237521337,-0.7279321356205728,-1.6902500843855488,0.0014043225340994415,-1.0527105092499878,0
-1.1233045344345778,0.05061339207329675,1.313213852516503,-1.2384673149585905,1.173187880981251,1.2057682484375918,0.5348264647799494,1
-2.6650529708942936,0.28950414181562323,-1.089092375443024,-0.7100952054701617,1.160680568772898,0.7225321092327531,-0.3151027957608879,0
1.2776407228765951,0.8708869396900067,0.938617141195438,-1.261554557303532,-0.5822967513067131,-1.135241339041335,-0.15066996530190163,1
2.826538455533922,0.8211788849352958,0.6112464719967291,-0.10069677937225592,0.8994034648102985,0.45073425792778793,-0.08547106253448113,1
-0.0556284787573811,0.8982730780754217,-0.9942278442042484,-0.5280259461195811,-0.6229845242484446,-0.7855997392722598,0.5929730876579087,1
-1.1961239636919534,2.1701628561501156,0.3918803454677975,-0.8975263320308502,0.8560985310292241,1.1317557305710921,-0.7537627504652151,1
0.32038566774018074,-0.35866192621605636,-0.6552390406607543,0.6283364596198117,0.8028150531703442,1.377331411925317,0.7683562934990584,0
-0.12084920691287591,0.3267028356426689,-0.630592334208497,-0.24130817382183842,0.228863264740742,1.2801803834360148,-0.7233201366564407,0
1.027656931032975,0.07151403629628147,1.4716100312890852,1.0026643723489825,0.6309875895904448,-2.012255770690182,0.46439315958114386,1
0.3467834026979544,0.17342732238404707,-0.5506043722850484,2.7572202272592063,1.4152498153141713,0.26770004002528225,-1.027140767725818,0
3.046944261527271,0.7429421157939954,0.2066369588856114,-0.851132854435618,-0.023022527454383965,1.0916295544235763,0.06170453932850459,1
-2.0654625043040653,-1.5030175158069663,0.8581444807366921,0.19603010647437985,-0.14655302934783138,-1.2543465720891156,0.40675583775557,0
1.2592817760833053,1.7524389114837613,0.22438047109596182,0.27090108961196674,-1.562869417298225,0.44524928464515484,0.005114837822542104,1
3.2416091123885917,-0.24542065320833037,-0.2772143430464721,-0.9307977557254273,0.7407143428646438,-0.09847161450520156,0.44417263020087017,1
0.39879297174751394,0.049083399334102176,-1.7583322074738665,1.0813125764162899,0.1899896777012539,1.1321408114281835,-0.5207471366859991,1
-0.14521579552089967,0.06178291661720006,-1.5496634075753277,-1.065964773280147,0.7481065735775299,-0.3014582661723469,-0.6049992715547216,0
3.63495084292685,-0.6342880354896653,-1.4817591899300153,0.78492092794593,2.1053720001419047,-1.7224206889487075,0.01792662730580651,1
0.19796679412765517,0.6198189835768296,-1.5318576399177277,1.5235326757115746,-0.13079795866971128,-0.8058387553781067,0.6144741313546931,1
-0.9292458546518406,-2.0747412053239223,0.11651754974188767,0.5093182059494039,-1.1206838267603199,-1.3334677441275105,-0.712308491626964,0
0.8970074261155421,0.11927409208038892,0.22112676164727973,-1.4050562036216487,-1.5623150640793368,-0.004856157113622531,0.9383369241438351,1
3.133452897594198,0.8508810500548601,1.279796077487394,-0.4002258334109873,-1.2681699515232667,-0.1347519250505597,0.48870192594452416,1
0.46164607297069327,-0.20041300775271284,0.7494918668582854,-2.1437016821533725,-0.4612945278804175,1.7211383999276284,0.49616435419850563,1
-1.7396773831158,0.9840440167783904,0.758694140007931,-1.038155324232146,0.7101502609688554,1.7481339515220986,-0.11128027542914089,1
-0.4613691627446825,-3.598721361850891,0.020181075322271154,-0.20386539616619745,0.8992725106689424,-0.9292033537096268,-0.3197321658307015,0
2.669141372325589,0.6056019642479774,0.1039923288754889,-0.2549146893885711,0.91237932293831,0.3363110544213597,0.2807154206714848,1
-0.4207934352518208,-2.1365213398511336,0.43555963800597125,0.07554078696444144,0.6723069033024535,0.276270716859602,0.43264756110899455,0
-1.704723410406112,-0.00310825821579973,-1.3631733761578773,0.13671714464880752,1.2617897542880785,0.7671607718607024,0.16571023670547638,0
1.7300322398552597,0.002730219013915264,0.47752206014507503,-1.095096880326293,0.973374397363962,-0.8033682758172127,-1.9347621055064428,1
0.7837116259820908,1.843237825467004,0.7019102138900211,1.3429489113454587,1.6773699843457754,1.284533451567661,0.1504498874378395,0
-0.4343006450898744,-1.2107465372996373,0.8679371546398525,1.271347297219416,0.8903696899249491,0.5967172766059692,-0.41871748080182286,0
-2.1260808298133127,-0.5622840680568899,-0.26739915718534285,-1.1421828504278615,2.2553980053807887,-0.38113312867314825,0.40113137544963995,0
2.118939783862206,-0.9021843083959944,-1.6282591043512329,-0.4911582871876618,1.0366126871510464,-1.3776966623871238,-1.366791026164367,1
-2.2472339152991436,-0.3519622376516974,0.02634456104259309,-0.7415894962369154,0.13865957533738243,-0.7075193894431357,1.2674264865165588,0
-2.100245011321883,0.032952797677735915,-0.6371146163931977,-0.8255014727872889,1.336489817725532,0.28727294692136834,-0.6530155292915,0
-1.5638911363415569,-0.26897596034960247,-0.2849709798056385,-0.7451920439285487,1.1068835902571275,0.39326370164164154,-0.7323782956524539,0
-1.0772413389942925,-0.9583390275255629,0.8597349740552223,0.7927972056321484,-0.08446932518334024,1.1292752808795476,-1.532160970602771,0
-1.4311532626294854,-1.2581976207350003,0.846660334598508,0.22469431171747187,0.6682952562381453,0.3238717146231833,-1.1806033743038307,0
-1.4554341647787792,-1.2845813577793237,0.5668231713313234,0.48824324101124345,0.6954827239422983,0.5421899913682076,-0.5151029681325681,0
0.060938434117066134,-0.9492455619505933,0.4902677483017634,-0.12087579777736043,0.7853785692866931,0.9384504097896996,0.03352853478881992,0
3.3811733672234543,-0.8601255873145348,-1.7870645053240402,1.455596857051427,-0.939982539508212,0.9389339397633055,0.29520765471227456,1
1.4925522186962916,0.3544203516789307,-0.7518319278325107,-0.8676514954396449,-1.9490989066602808,0.3130447991976018,1.3468597284143904,0
-2.2441115388746447,1.3041907228939023,0.3934012731871414,2.140218826428617,-0.7188691983148269,0.6616344433876431,0.1269939676688191,0
-1.6198326355809036,-1.9622878301229352,0.2645098378296065,0.00494848345065627,0.3315186419022779,0.40550626273915635,-0.8133616101105325,0
0.20907643532664233,1.200315942844218,1.1975569389106357,-1.676554185244443,-0.05295173952078075,-1.3070548263350303,-0.16358826252642528,1
1.8662204835860703,1.084478521697321,0.7985976841848087,-0.5269289257939184,0.7575574714671856,0.8945147649318951,-0.04797768994643922,1
1.9412020465306206,-1.57700651841955,-0.5403912186787245,0.0071920902121285135,-0.023816467192818894,0.18600109610699606,0.7640978813858451,1
-1.5389808481323353,0.3972743038518992,-0.8163929843722778,-0.4793456932114598,-1.318816231861994,0.16719334899608299,0.003150093951226878,0
-1.968760802306557,0.46904891862802045,0.3396130163931923,-0.8538735385467835,1.2142168570385412,0.8552369277255126,-0.508637723332979,0
-2.0371710818765894,0.3968743649129579,0.7206717989623516,-0.9350520496864729,1.629157923153196,0.7751775271694057,0.1254717596550734,0
-3.22114829763513,1.2801631873702641,-1.3357440579599755,-0.18706884496463635,1.0611511103591065,1.390997442696071,-0.21906377672618127,0
-0.8887527502030194,-2.082588944903826,1.5051207300578688,-0.5325402723398984,0.5954135038729921,0.5487774776930152,0.10826999728383123,0
-0.48514462983173495,-2.0904259742854068,1.4571637399686397,-0.1517958247240729,-0.813892022955108,1.7961113940457714,-0.3510820963351288,0
1.1011766114720158,1.6218535287572304,-0.5806359620681739,-0.3642876949347151,-1.7447422956988832,0.8049626898385412,1.3882568851811457,1
-1.406382803400628,0.5750387061464624,0.12332412240894694,-1.1952578081735472,-0.26292846914764,-0.6394388937859405,1.282163341453124,0
0.37240239773159134,1.3602603569410436,0.48810865548397,-1.500462292035855,-0.9585723897079922,-1.0537161762902756,-1.4368557986204036,1
0.4975474235580151,0.3274812859070151,-0.8575146389596608,-0.767385117033625,0.13907784408202475,0.9816250246713344,-0.02466903084436414,1
2.6671185820846186,1.2195187559329312,0.3962722008350895,0.25048128497576655,-0.39463006191395067,-0.7079421026030229,1.1580685116125733,1
-0.07214787719094475,2.3726815863988695,0.18927308011279542,0.5296868839683798,0.05409428342001506,-0.4159830546783581,0.5836096872044851,1
1.6412678648801018,-1.2954955733913598,0.707448358472648,0.43043138567483336,1.5102989154782829,-1.1829409446605372,-0.6143274533631302,1
1.1814778093063194,0.19455809619237902,0.765278624579791,0.014355550590011344,1.0096245097404843,0.8579452101492311,-0.424461407629724,1
-1.8170477966213991,0.9686024758346783,-2.1965421632193083,-0.15251347101524063,0.5835555281206368,1.1914283430837198,0.11343183989085082,0
1.9163473712660961,-0.3801120760757254,0.937672493917642,1.191608231662197,2.5621537022840277,-1.1625199057830886,0.9976842257782296,1
1.4095324274320786,-0.7243449446712,0.5175907614753608,1.0052366323987816,-1.7992703500371034,-0.2967890767036491,0.3143906596351507,1
-0.9591945990894528,1.6301758638877197,-1.1286591674803552,0.5324967214746787,-0.5161475560125446,-0.46456987012007156,-0.2902516551679609,0
-1.444522566469847,-0.39599811046779015,-0.6639797434441693,-0.7739249182047896,0.33049890550703986,0.7228179495332103,-1.3949314996507034,0
-2.2716018689008575,0.6862461732858838,0.5119459573428263,1.1352140723484292,0.12101579817794937,-0.885668979951839,-0.10695014331537714,0
2.7093344958931826,-0.800161277871708,1.090699166443306,-2.4049863711216606,0.4483472457212076,0.17268640692977688,0.6894825758140282,1
2.432442864068277,-0.20802468979078623,-0.717480668777732,-0.24038377392385568,-0.0845835200037109,0.7858349307074911,0.2528233164560336,1
0.9506342756512873,0.6274112828684523,1.0338451582512052,-2.3006017890374197,0.921291730103123,0.20043790636840192,-0.3602042569349488,1
2.9916813843338694,-2.8360367521283094,-0.3118280116139518,-0.3438215271291732,0.5177912318361342,-0.35916871396822336,2.5410732930579636,1
-0.20013155479758463,1.8421962535159884,1.0176290434320006,1.1377185819395221,-0.019159193960264685,0.27483584879996953,0.2660704797000992,0
3.443929281280888,1.8399334189864804,-0.6414390833662258,2.1202428886551727,-0.15153335250200517,-1.1145755300856264,0.015419551330024253,1
-0.4290901633827884,-1.580549088362943,-2.2211322201700314,-0.30341500595183024,0.2075957701105334,0.9402146940150994,0.8818344097448219,1
-1.8329782878858778,-0.767584362676133,-0.7460645663466564,1.4187350986057874,1.1327390043702619,0.6444030413603978,0.21452967101830575,0
4.277620231333808,-1.4927497930717477,-0.8268267432159239,1.3071553776370024,0.9712736586044967,-0.955816044986515,0.6068784653778319,1
2.2678442951015394,1.9414928576176942,0.9218574044566712,0.3777074068628525,-0.4095166758160591,-0.25441067741086515,0.8871397479256251,1
-2.740033253950947,1.0379233002007078,-0.3253627262338615,-0.23539141683254236,-0.31711135189835726,-0.06554023146925732,0.21651843792243428,0
-1.6755484644911327,-0.6099807274294871,1.3871285171365648,0.5391490911403116,-1.2176655906712965,-0.19588649152784585,-0.7530142376344382,0
0.07920454285976596,0.5482495491862807,-0.5585839921068988,-0.3172598481615067,0.8535982481093148,0.6635124731553428,0.11838420861309433,0
-0.3717838793649611,2.1495921274945546,1.5099673846855648,-1.2589607683041726,-0.461928601076935,0.027343593732356227,0.47884591618140293,0
-3.4103826284724867,1.1443761806534007,-1.2153878742436341,-0.5763602768391496,1.9036064874380538,0.5513449503193687,0.016477497912857266,0
-0.9090544541640051,-0.040813477064074885,0.6117138501352822,-1.1310159926648589,1.9874726217076224,-0.4943665380083196,-1.1515723978604715,0
-1.976946064121073,0.33489838043000175,0.4880627266091873,1.7601602715064883,-0.21902869511897766,-0.20762504874459206,0.310889694918953,0
-0.907799016759078,-1.462917532661264,-0.9142140713994146,1.5333347326457125,0.6644215991594536,0.6013818747678259,0.1409038967451482,0
3.1299641707786363,1.3565976827891006,-0.841334276176355,1.598986260155116,-1.079841619233536,-0.8899758465010436,-1.178809261898359,1
1.5592454743166213,-0.28272038276343137,-0.8286251994780041,-0.2827370635875555,-0.3007405052064915,1.3217019124961924,0.5286335683863308,1
0.8211942834040451,3.150233389953019,0.6864985520924679,0.859298685740116,0.5840019123664626,-0.8806583545152351,-0.14766860015443767,1
-0.3159137009314913,0.1892632253930433,-1.0059332958672325,0.7595683650400312,1.1572430119988575,0.9860344326001108,0.6274758122250169,0
-1.252852717045743,0.28260018416606314,-0.26831368864345356,-0.46177907783382965,-0.46500789358961114,-1.028013525737016,-1.2131944252915976,0
-0.12675235202067212,-1.3083103265872222,-3.1143071076764546,-0.7608646393721541,0.7790074391522769,-0.9301630246642006,-0.5165463092413467,1
-2.6865924854440397,0.6210695366051397,-0.7736606860967209,-0.42748173950241175,-0.6529123994372941,-0.20196812381676352,-0.13721204629182182,0
1.7490800015937473,0.4793586720490161,0.24925469877565698,0.11737080945195204,-0.0378101126749162,-1.380498988250501,0.545426658866078,1
0.7046479295210555,1.2671605599209685,0.2904683530129316,-0.216086828001051,1.1812809711593206,0.6743173812671073,-0.1758718919084969,0
-2.0969704180887296,1.0534017270112976,0.8541547684339763,-0.23015720302820328,-0.3622976355715031,0.2209363254180514,0.31574594734303996,1
2.4650146452511645,-1.1795308076919468,-0.8182161721459994,-1.5925578809483583,-0.07325841689598969,0.0642683579209174,-0.0017648566923016658,1
-2.705380251386923,1.172772654551764,0.5549549631795816,-0.42973802051995336,0.26644123518916163,-0.20253267662150018,0.7574733680916299,0
-2.1664341165690013,-0.568621545486426,-0.4965341583397033,-0.9374727268147112,1.6043340977198954,0.3007699875744282,0.4428166466850449,0
-1.6230277502468133,-1.3858403338714251,2.003272965857208,-0.170337634735602,-0.8603270810169312,0.132560545595367,1.5257055890583915,0
-0.7616829519130681,-0.10651175446197911,-2.610897344359023,-0.24187126528711517,0.11418925152244029,-1.8655003874153182,1.259946743785322,0
-0.6005899472691629,-0.06711980535320146,1.851461664618332,1.7665400828879059,1.1679793711384852,1.4481241444651316,0.3275945415685809,0
0.6245509379637321,-2.040932791558205,0.3220287214560966,0.32792892659414313,1.1293311262868848,-0.08884040506166974,1.7807659850891435,0
2.1036144054187647,-0.31740999342733467,-0.3201531673027632,-1.0556581681827133,1.411973318992807,-1.0372208696303418,-0.7752868915148732,1
3.150742834873612,0.15807262465941135,0.6708339936311626,1.5057754935941605,0.29274915180193833,1.5762794072923754,-0.45116277532171367,1
2.6673652681683415,-1.8918520434070099,0.43020582076428066,-0.5962777844694441,-0.6004746427513415,1.6990212599333518,1.0374417069252007,1
0.3852355313061417,0.8172483067736713,0.49656525023264964,-1.1078070193938208,0.9139567171828007,-2.4027594553420086,0.3204968869405876,1
0.21612389477446942,-0.5793251913773988,0.5066994292129693,-2.7735788384618614,0.40921386281344324,0.5976054038820522,0.8389395316256391,1
1.4280922824585522,-0.7370917693917733,-0.6087395688567299,-1.625191302905931,0.47402409845994237,0.3502929008440329,1.0537783572540864,1
0.1737808668217855,-0.02008309799076438,0.1519774900116349,-1.5137437130653688,-1.4478180752743637,-0.24452988077578458,0.899595057935962,0
-1.9401477686971462,2.1939036699608776,-0.12317176859885798,-0.5898716939261436,-0.7538197275688696,0.250775270499017,0.4234617863341363,0
1.1672437998257232,-1.8189184450582574,1.548681749453532,-2.5455757772566345,-0.16301906984544215,0.9977176083713157,-0.17889932733289127,1
-1.1118779941407964,0.13321124962544229,0.5351205293955247,2.107234541419889,-0.7784297253453174,0.33667036931031635,0.7696122393990243,0
-0.0033981354908671933,-0.6029313480714462,1.6792293774806366,1.7540424570993403,0.2897340077003895,1.8213925277356493,-0.008595716087219128,0
-1.5782095100564113,0.16482520716396293,0.4237596531371445,-1.5053762776583823,-0.8364850302747272,0.19855282797738705,1.1010202944113217,0
-0.1691653344932603,1.5195510603192242,0.7067000649965037,-1.1425175545685737,-0.18832804997264035,-1.4271971625741156,-1.1907117864220007,0
-1.9960604773434358,0.34830813521254655,-0.25060751659879016,-0.4926424686755261,-0.5359001486008083,-0.6039970536579158,-0.5418726586323089,0
-0.8561663734726187,-1.7031723977758524,0.7782026288496319,-0.3052040689144273,0.9696851558130496,0.07523158146012617,-0.32060645937545346,0
-0.2662235513273932,1.4465642518237456,1.0786639762820343,-1.335047960185186,2.5774344897897747,-0.7432334663632869,-0.419610523485463,1
-2.013396379274773,0.8603384139338555,0.22733513126946336,2.2464903573672443,-1.150812685481686,0.7417728169453114,-0.2985954333689236,0
3.271349137716675,-0.3012688725243028,-0.9200071289041235,0.026571744356009997,-1.1457458419039501,-1.6143511592618278,-0.3655500543953781,1
1.1240699882062728,0.802198560619378,0.7151364338095259,-1.0227593834148603,0.8378183984113442,-0.32141927046933183,-2.368507000308031,0
0.37713602112594347,-1.306449101450447,0.6820247719429462,1.2544143042599887,-0.16121807272702454,-2.2175598743803135,-1.8924031554603784,1
0.19449189103944564,-2.861145245841691,0.7006527939668404,0.7565387567600155,1.4716909750559728,-0.4274045818820991,0.7335856780936265,0
2.215764164662922,-0.34798345725389734,-0.8627286505588826,-0.666998908041559,-0.7118557366527017,1.2012640273849255,-0.28663045699097944,1
2.9026427763738036,0.48430791350696234,0.5697726734107345,-0.11431383580337091,-0.6821672398431057,-1.4867139563783296,-0.8657552769376486,1
0.07518908276079915,1.182401247585196,1.2793864837128905,-2.0629704498659094,-1.5720309032285866,0.6325112584456147,1.0970978435072394,0
2.6599733940164665,1.1905688040542433,0.1737180517300396,0.34735266193035425,0.1372036778794977,0.9599458414352754,-1.3415860171225389,1
-1.009102191868944,-0.025763843176889917,0.13349715793568112,-0.636008924638477,0.17956508304412958,-0.704399920633344,1.77665912982368,0
-0.8710856389257456,-0.7402724902664597,-0.05847380318269881,-2.058375007020903,-0.06920988620540695,1.5299168321048753,0.42336733710419866,0
-0.03448907873874131,0.7012840227738103,-0.1757423589907727,-0.528819518647859,1.595147286118762,0.1568228568113212,0.4309812717654478,1
2.4774282052430396,-1.7612854582159756,1.2548081565192004,-0.46184089227359226,1.5127061715969214,-0.6861322466177493,1.593392553695229,1
-1.6354505228407261,-0.6833683719759049,-1.9860994405998267,-1.454036316333727,0.47999624340567765,0.8151735843798378,0.6324174257261916,0
2.0277737501487985,-0.8041162707598162,-4.3089570041521785,1.332770021495233,0.7764482806345339,-0.5688689349109368,0.7023907918079592,0
-0.905202795173966,-2.7154205249150367,0.5467073900667094,-0.2651073982771782,0.9178158712937903,-0.6955910576641263,-1.0542448591551767,1
-1.6890630413683232,-1.4681772258543166,-0.28057129126245633,-0.43220746156584233,-2.2166285097446234,0.1592452046400613,-0.01849926900427969,0
-0.7324492914429628,1.9629174059484074,-1.1729990087403257,0.7885812683538319,0.679971405462861,-0.7543141654425347,1.7211373060309696,0
1.9702786151633,-0.5730548866956412,-0.7972521050921217,-1.1491902904789648,-1.8498559523791447,-0.8480412930189967,-0.6950067423460409,1
-0.9053874561068844,-1.254829433323319,-2.3123511703894697,-2.458053567251077,0.9175314301467531,-1.051592400004752,-0.1619429253908798,1
2.2201478197222406,-0.9425831141575534,-1.3263115969191466,-1.3269248588407436,-0.8027788731526845,1.1416641044980638,0.7653126110780294,1
-2.090311837708561,0.903734351068771,-0.04974332959464333,-0.26097862734773736,-0.7233654633909415,-0.1282954968402181,-0.6397700272435884,0
3.605955462401004,0.6468592608896736,0.2420329295487461,-0.3290833905629142,-0.37023351675305655,-1.058055074096881,1.7738831715079206,1
0.8085297723700509,1.4207125501746347,0.4254276378113919,-0.29430001217786556,1.9716547418850028,-0.37736472198664656,-0.9249319372670489,1
1.7651808560286857,-1.9397127880371718,1.269336715492863,0.8060506061395103,-1.9023621996433897,0.16734536732962546,1.0305576912546899,1
0.4260220075342508,-1.2413867982057116,0.27167030619473015,1.9502617109254987,-0.6279468080313241,1.7168468140183835,-0.8808258246584646,0
1.973535530353872,-0.4602713924991972,1.9645617100897816,-0.6088078784931527,0.24129253633050454,1.872534588458983,0.5616339151160806,1
0.08661247277046004,-1.8295431276873708,-2.3890975597010073,-0.24162904437694652,-0.8187418319128348,0.9353590139916285,-1.245184331886615,0
-0.17249572515524883,-0.3430680269953021,1.1468308718805191,1.33280368331276,1.7462822027544782,-0.18072041154732368,-1.252036988890241,0
-2.211785689144232,-0.4593229766386447,0.27392419633199866,0.9983686141484618,-0.6136745054081939,-0.2977386382689105,0.6473663997069458,0
-1.0151155023474605,-1.6857790885411408,-1.7998488168826152,-0.671385355132359,0.10962005733838667,0.11957613687375512,-1.4388121062283616,1
-1.7290350161031869,-0.6992840861928254,1.743643272514709,0.318569164525643,0.9192223604356162,1.0047302221916294,-0.2136014688774729,0
-0.08210437432363162,-2.422844047663593,1.2819031983145195,-0.10685560588431028,0.13365241305272596,-2.87809256133821,-1.36300161880638,0
-0.8406365602108652,1.222191536903986,-1.3669824901206054,-1.2885179240018196,-1.8399723880926295,-0.4551686124246662,-1.2817036792667684,0
-0.25650588170121075,-1.5405711041383556,0.6468521511808905,-0.2606974112736511,-0.9242313373443531,-1.6345048675835696,-0.03577603660557496,0
-1.4073987840631947,2.228089034333923,0.8393909521538965,-0.8313152567885238,-0.18951111744059757,-0.33923458831450526,0.15788039097280912,0
1.8736266235356787,0.042726948387345504,0.6103747035026613,-1.8678499778320476,1.4272336984031417,-0.2524141665109073,0.45081356132256806,1
3.2576810524384743,0.4578050546096134,0.1754666781378887,-0.5745351185411479,0.5166980230190942,0.633489436180724,0.5808360411078776,1
1.6343120524360064,1.3278665649804113,-0.1695264775636217,0.1155378043665785,1.1377922475036977,-0.21287506286904612,-1.8250669896559546,1
-1.9583664293510281,-0.10459970431747713,-0.34050359253257884,-0.47169407226906757,-0.6615659707620387,-0.4256182271082936,-0.003962153663059497,0
0.5910678658372109,-0.9023346431450459,0.8019104594140077,1.6138690769440358,-0.20717827051616672,-1.6067532147281516,-0.9021483269046334,1
-2.9123884061973673,0.49662023129095967,0.9731423741479767,0.8549528634709631,-0.044478633846143055,-0.38919866264990893,0.18522674564626926,0
-0.03622961226498074,2.4352020508634746,-1.924414857777797,1.0373530264425326,0.9370798760571574,-1.1839030930958656,2.008382781230127,1
-0.824017782686234,0.8374719814903648,-1.165992765565375,0.8683365959947827,1.407409601140365,0.9126396728481856,0.2717568725074826,0
1.9653293634662383,-1.1550464631338033,-0.029521848368645423,-0.23943240489368253,-1.1666465600214009,-1.978952350325128,-0.6693498156649822,1
-1.406851986700653,0.7792535097815161,1.277785990611812,-0.8635909510459325,-0.8750123857963973,0.4647952946468865,0.3072595117327332,1
-0.3064630689411036,0.9247386314034234,-2.5018320096074755,0.34194457562879216,0.212832127877159,1.1953654657110493,0.3847345697232561,0
-3.1258592142085466,0.3866561907576107,0.699554053208207,0.9104754239965731,-0.677467983071118,0.3118330055189999,0.43676835745086356,0
-0.1997130080716412,-0.4684294684773634,1.2171211162738538,1.237385204911105,1.7467193115709743,-0.21819953011514767,-1.264720079324453,0
1.3500680623209267,-1.8590898719206992,1.314913810241558,0.9093576047066021,-1.5694559082730488,0.09264711327454613,1.3234157166626535,0
-1.3094164201904466,-0.8767405118848481,0.08669323303774094,-1.2402263344081172,1.047453920702067,0.19095952429500215,-0.6656469646092298,0
-1.7722721431889048,-0.16445583752749618,1.7002544708571605,0.33148044916247504,2.0610486505976247,0.15621491962568687,-0.14894517422982176,0
-2.0375314202156694,-1.0885254142457752,1.172796292027738,0.22384996190028136,0.7868040798434175,1.0452077951976415,0.15095959206295706,0
-3.277981366125424,1.1175667122226494,1.5499188094857603,0.9446993308121305,-0.19851400199406344,0.47302348381091336,0.7361514661326509,0
3.04865274111369,1.0815325152973245,1.2878487560547607,-0.27799764484365885,-0.7596037743909255,-0.4098563237294678,0.7806997302294758,1
0.8812840895363304,-0.6320561061590078,2.046062373677664,0.7315883655518186,-0.7249429145241634,0.09480854293578157,1.5087373380463187,1
-3.467012705530597,0.6439097227845599,0.07353911086817412,0.99327714819346,0.18552214934650776,-0.39879779447495783,0.9142142877216588,0
-1.640710265157942,1.4654312571587977,1.2275904179431685,-0.05029881398378152,-0.624176768902301,0.3551340944697699,-0.4416767269069299,0
-1.2273747974584888,-2.415726465975556,0.28083912312553844,-0.4218837836365419,-1.318563302317096,-1.0955757782464646,-0.16374121047292514,0
1.0892095718291694,0.9899971700810306,1.6030961605754295,0.2729574951354321,0.3376846670760343,1.8210583907260445,-1.3225915416844933,1
0.543356528257286,0.17305661753626028,1.6803181665755729,-0.9726143984948359,-0.09360830952751098,1.5815019112002073,-1.5453496819767762,1
-1.40475695617157,-0.7736887589614799,-0.3470154642652713,1.3119615537470866,0.563356444297868,0.7718935020402522,-0.8923435382437457,0
2.2321988181388797,-1.9583386098640008,0.3467488098717586,1.9607984724309377,1.0962405847649563,-2.008581594736555,-0.4115838503750769,1
-0.1888737042756067,0.7117100224916187,0.12481257349514212,-0.9351877643368605,-1.1140264367023651,2.8366337860328716,-0.5585673408237978,1
0.35970424243938615,-2.1856965253362834,1.2471081706877454,-0.04699578607729118,-0.5341404819822819,1.0679554067977095,-1.05774238739949,0
-1.553285487875639,-1.229092443008193,-0.13416511210163132,0.09896468559356641,-1.3731343608155422,-0.9086668656537286,-1.0197257889724267,0
2.7305199553070123,-0.07523924563829136,0.9098194326791336,0.19428710819749262,0.7576362852301929,1.2124505004587711,0.7992988034858164,1
3.080065158784982,0.7235717954011615,0.2086218117608054,1.0223347467431634,1.4214912164641915,-0.010342229082983271,-0.44563058168202796,1
-0.26403054675488197,1.0138895802035437,0.3636160673842642,-1.0010680815172432,1.0994276581953388,0.4551161694157722,-0.1922021132897086,1
-1.8863524366744615,-0.8950173976553568,-0.15148383819537395,1.4233991079086323,-0.2056843944522187,-0.8056921945798295,0.5603271561364954,0
-2.5185756645648936,0.41056346381657716,0.07425700731823438,-0.4594493862328114,0.2693026225222865,-0.5544929264638089,0.9632600468390202,0
-2.6022591250257245,1.2609950819759754,0.18526801224761655,-0.07132726344065385,-0.2521703293076774,0.2119345155805725,0.47714766531289904,0
-2.7346144278037614,-0.8153295484344938,0.6431082893073089,0.5193777936865956,0.27352546544197015,-1.029708819745739,0.997905255971745,0
-1.9133476522814623,-0.7011666581532953,1.5279970366616613,0.420690125765708,-0.13387708672935533,-0.9493194503517294,0.015022671508099574,0
0.3138335781644872,-0.4162653691140113,-1.8985510862836028,0.34025485024815394,-1.9216828434349364,0.6856799385529437,1.4774975402709039,1
-0.9712486057837452,-0.20931657575831514,1.3803901718250988,1.3431778783077677,-2.201491407696869,0.6413694715804246,-1.6296347910484046,0
1.039090409249387,0.22449799672773185,0.9834437780046175,1.1369109101449715,-1.7279839341565237,0.6435155530995467,-0.8230619204692674,1
-0.5017309703346119,1.330963327482276,1.2691338364893447,-1.4721737119244924,-1.1759433147428382,0.3638004524645468,0.7038536078052281,1
1.189568115415523,0.7004301372120921,1.6140702374903673,0.25285907605468183,1.3355633498118455,1.1979518418620192,0.025855875533490693,1
-0.027260746452113866,1.1423839921342585,0.2766729027011648,-1.7545819101149298,-1.2673875879435081,-0.04562383147590454,0.8136499205554379,1
-1.302229605529546,-0.39786694521325194,-0.7259505909105844,-0.4773518652987775,-0.2867888699752805,1.3988625316126284,-1.3675441166555529,0
1.2824941807297263,2.133289468085409,1.0357034091429893,0.7835611709096235,-0.4933008118109109,-0.1726454802360089,-0.4615808708347678,0
2.0404341644027317,0.7385801530775623,-0.46062959596687253,0.19877120716844549,-1.5564363357965745,-0.44481041358593176,-0.3090260763038514,1
2.222155712673047,0.7219055991378576,1.2421644984724312,-0.45169813622851357,-0.9774191220551005,-0.718832525902727,-0.6496939906527825,0
-1.5757232042255558,-1.4435215414033813,0.9215279624028404,0.33069760195733383,1.0708550833814645,0.5223519936209536,0.2884928161757344,0
-1.2387844888024502,0.8058115035976754,0.6016922460359425,0.4294506364115261,0.9349773868817058,-0.5965658631650151,1.7967935291238872,0
-2.2462665177113026,0.4514207991278013,0.5047817811518842,1.6785461026311246,-0.126172834389876,-0.1863133705908305,0.3731839047335166,0
-0.467654558710249,-0.9347223451239477,2.2343019133750937,-0.18512499351326797,-2.3644553865861435,1.1440463475692173,0.36694316965274487,0
0.5255691801178283,-1.6764822697301878,-0.1474109425705715,1.8398890802552226,-1.732514519751132,0.6923452482548149,-1.573302426635487,0
-0.771275289810431,-1.748404928925554,-1.4186984679554688,-0.8908947317047489,-0.3149920141303687,0.3706633200690753,-1.8026314907526009,0
-0.8869926676385254,0.5702994856922352,-0.4783471430499571,-0.9002300696879227,-0.904213007182223,-0.653735376074051,0.2136583069292751,1
-1.25365258597897,-0.07769045556703048,0.930914393918454,1.3332108864017906,-0.6060019071875467,0.1772900463148033,0.927445934616445,0
-0.8760092723242423,-2.8638523298627794,0.30677347410200106,-0.927910740265053,-0.035237303459210695,0.749498258344844,0.681262014628672,1
-2.15728021752368,-1.6765502010362114,-1.2619263745444917,0.6872805369601785,-1.117097788049762,-1.0450606746034221,-0.15310097600699,0
-2.4091151143392335,1.0925654659257333,0.3036541247436125,-0.32009334834017844,-0.1562143894228722,-0.1756392343186707,0.11001023546700196,0
2.4968370498233057,0.6036794349696758,-0.34217906913409607,1.0401307905149293,0.022079952639452637,1.239422228260464,-1.1851044062154126,1
1.3974092739869526,1.1947376954460698,0.7927186225242084,0.45652147829834094,1.1231398072661432,-1.9213249883789811,0.5149353940810636,1
0.05934062949131315,1.4564169135754859,0.6694437093239453,0.8386943279122073,0.08641442459165127,-0.6010913330461412,-0.7111598798713502,1
0.9737066740010781,0.858007352537377,-0.7104490941721513,0.31715544601002915,-1.4418050440334602,0.18907315391046473,0.7125260798776687,1
-1.4375877213721004,1.332519065082885,-0.46094167393629953,-1.2103257515543464,0.3079228668140945,-1.8657254101141216,-0.4503204201053599,1
-2.1377709097923656,1.4246450567834181,0.003447242709264559,0.01090745123341844,-0.6042756335101063,-0.05698615987482394,-0.8318486495736929,0
1.8954678941053058,0.5460214704369235,0.0817216995092149,-1.224441267459209,0.2630666061694766,0.14022801263907653,-1.3221700837010923,1
1.164195902745138,-0.6830549457927052,-1.131413174098126,-0.7428603060413972,0.020530508990133773,-0.18790658959552467,-1.4655349988270718,0
2.5343508954431067,0.7438671071593915,0.782241049095648,-0.6558110822149537,0.07421491205600077,-1.3791811218918246,1.0620430663411744,1
0.19274252246659695,0.03512643551917162,1.0197911494519807,2.367722881389919,-2.304480350472049,1.0769587109650396,-0.9111525000246515,0
-1.3261021901112608,-0.26310349284014284,-1.373280389674772,-1.0172731225861027,-2.101199717759028,0.6232993957651632,0.49080963760900603,1
0.1268530516040813,-0.9346441319684398,-3.448819688403728,-0.4260343627270568,0.04317644344904194,-0.4189349922281951,-1.1938830148479076,0
-0.09439669926009288,-2.6339539415911966,-0.07412949117180971,0.38766181153042384,-0.030984678102299233,0.5282953524952774,-0.410852442564324,0
-1.7871124190250371,0.10604782421459936,0.24387517478673815,1.7607699168036726,-0.10016751761138196,-0.7028822070511317,-0.16114408247586764,0
-1.2320540419586963,-1.1511391250848164,-1.4610885777651135,-1.3117464237982377,0.029208760874932065,0.5673468659175922,-0.9591397011789154,1
-0.422901456031739,-0.2527096347435775,0.9403601525749237,1.9259545240132598,-1.264937322142967,-0.003146920252504479,-0.8309089468426477,0
2.3245794466658576,0.870640720053877,1.122078737339497,-0.15366808477389166,0.37263868922683363,-0.9952620144042958,2.1358569837250054,1
-2.343720064889259,0.4658557008956773,0.034642118111492766,-0.6025329184381056,0.027529732245677153,-0.696486584462448,0.21218470656115748,0
1.946364138900303,0.4880733940740495,0.9453189316751187,1.0854178635529625,-0.18233511924773416,-0.1800813120521221,-0.38217745766265393,1
-3.1288895810886097,1.6933623422716777,-0.4992766971876829,-0.047618217282478024,-0.0615890846801573,-0.06789933821772733,0.10586021940006375,0
-0.14556062740528738,0.43687312259254113,-0.25262229596442765,-1.674351710005597,-1.4476419564814902,-0.8745867943539816,-0.8653813038196037,1
3.1308345702474436,-0.007973303068153992,-0.2204945824280302,0.3650323346045176,-0.17328993762309466,0.9836477291775091,3.289192565568505,1
2.8078247764031197,-1.3318335289723766,-0.4689585055271939,0.3907008068380399,0.32296244729714735,-0.5773193660636519,-0.7177230918247097,1
-0.3692521378590408,1.0381759696793005,-1.1297352688995843,0.1429717321973633,-1.0614057776062378,-0.2867776847485884,0.11841106529745536,0
-1.1341409757454024,0.31779109846437203,-1.2600822505909202,-1.2927231417012466,0.3495386903803073,0.48461850432811776,-0.665214435006663,0
-1.1609703610901867,0.5452888681625108,-1.0714683087911274,1.3105275178495517,-0.4033370791985833,0.19011412161307292,0.8056870642832614,0
0.7886105435239708,-0.3043425070249258,-1.8282743972424567,-0.3556506635976872,-0.03228243890251055,0.15055328125266626,-1.2801054784495403,1
-1.7867966766608374,-1.905044594849169,0.27411302859715325,0.45912162766471865,-0.03691102840628998,-1.3051636327305685,1.3774851443520908,0
1.632534156644602,3.0386598805216027,-0.17454705825260786,2.1162329324793014,0.2874608890599328,-0.4035108469574695,0.19913895629589676,1
2.9322625276599714,0.5617124913835562,-0.4442834360110032,-1.1267947811548045,-0.24944088081832366,0.6181669888444428,-0.40810336669774694,1
0.09801855518077375,0.009949599558411305,1.8043586689887203,1.6994415418862374,-0.8805989709500377,-0.3685832933951951,-1.4707606040358128,1
-3.1654149497699122,1.7858846942231386,-0.6886430721355762,-0.03283079742496827,-0.5322673577053585,0.2532758125106696,-0.2455394106265144,0
2.5343531133215635,-0.20411118003226533,-0.9330898841369597,-0.4572215593170212,-1.2040135256806699,1.0908397301706951,-1.9071224637100346,1
1.1548167539133782,0.14694657275810122,1.2843335232685609,1.0424244966235683,-0.36427985137890084,-1.6783410372123029,-1.173279261507814,1
-0.6365525654770894,1.491158520328633,-1.130205004171875,0.5730591875910952,-0.35459291323481656,-0.13261064611085716,1.5150071101477542,1
2.525870454471504,0.41641242843175486,-1.0968402674342486,-0.21157154520569363,-2.1917152813354495,0.01911062774282168,0.5772146678466208,1
1.9518878278708296,2.3356643209376986,0.33971375201486886,0.36607860621554816,-1.5221956335319147,-0.012623791020622669,-1.5098566428844789,1
-1.2924041144709326,-1.5718528563919307,-0.5550701566063666,0.6363670829183145,0.16029088415162587,1.1225920200662756,0.16436959359457695,1
-2.5997027684351814,1.4795971286579772,-0.43243026976172355,-0.14849524099197933,-0.19993168659857807,-0.46770493557811194,-0.7117895323204257,0
